0,11 9,955 0,174 0
0,098 9,933 0,277 19
0,165 9,895 0,162 20
0,107 9,905 0,095 20
0,114 9,909 -0,033 20
0,119 9,876 -0,011 20
0,021 9,924 0,057 20
-0,04 9,938 0,067 20
0,05 9,943 0,016 20
0,423 9,569 0,268 20
0,402 9,699 0,308 20
0,39 9,775 0,301 20
0,339 9,919 0,249 20
0,229 9,847 0,232 20
0,119 9,862 0,478 20
-0,067 9,766 0,155 20
-0,119 9,943 0,162 20
0,134 9,998 0,067 20
0,304 10,125 0,232 20
0,349 10,07 0,627 20
0,141 9,993 0,567 20
0,011 10,043 0,272 20
0,107 10,087 0,205 20
0,057 9,9 0,579 20
0,316 9,78 0,316 20
0,129 9,838 -0,045 20
0,124 9,933 -0,22 20
0,215 9,885 -0,102 20
0,244 9,919 0,198 20
0,277 9,986 0,476 20
0,04 9,933 0,543 20
-0,27 9,61 0,445 20
-0,131 9,33 0,466 20
-0,038 9,069 -0,014 20
0,143 8,868 -0,155 20
0,265 8,585 -0,198 20
0,198 8,183 0,086 20
0,069 7,374 0,6 20
0,057 6,457 1,003 20
-0,081 5,528 0,919 20
0,004 4,917 0,5 20
0,158 4,963 -0,488 20
0,275 5,308 -1,187 20
0,668 7,166 -2,418 20
0,179 9,687 -3,251 20
-0,356 13,474 -0,629 20
-2,99 20,284 3,804 20
-3,498 26,777 8,892 20
3,186 26,284 9,739 20
2,037 25,269 5,631 20
1,283 25,836 1,419 20
2,552 25,85 -5,88 20
2,868 21,469 -8,018 20
0,179 16,817 -4,223 20
-0,94 12,996 -1,458 20
-0,483 9,687 0,371 20
-0,656 7,692 0,572 20
-0,739 3,749 1,273 20
1,127 0,011 2,219 20
0,572 -0,56 -1,403 20
-0,849 -0,122 -5,94 20
-0,009 -0,694 -5,236 20
0,866 -1,79 -0,426 20
1,388 -2,676 3,225 20
0,859 -2,049 4,477 20
-0,414 0,332 2,729 20
-0,648 1,838 0,648 20
-0,079 2,219 0,292 20
0,474 1,711 1,582 20
0,395 1,625 2,116 20
-0,28 1,924 0,672 20
-0,095 1,656 -0,098 20
0,919 1,738 -0,627 20
0,864 2,564 0,112 20
1,297 5,913 0,421 20
0,533 15,771 -5,676 19
-2,516 22,41 1,412 20
-2,585 19,736 9,665 20
-1,29 18,292 8,966 20
-1,68 21,795 0,689 20
-1,424 23,559 -0,758 20
1,103 21,031 3,656 20
-0,213 18,534 5,016 20
-0,622 15,986 3,196 20
0,033 13,537 2,229 20
-0,031 12,361 0,237 20
0,347 11,097 -0,035 20
1,714 8,363 0,6 20
0,986 6,51 0,586 20
0,514 6,373 -0,141 20
0,167 6,864 -0,948 20
-0,469 7,625 -0,708 20
-0,766 7,541 -0,612 20
-0,282 7,81 -0,308 20
-0,057 8,88 -0,323 20
0,04 9,203 1,098 20
0,256 9,304 1,958 20
-0,442 9,651 2,224 20
-0,926 9,826 1,692 20
-1,031 10,058 0,785 20
-1,419 10,697 0,945 20
-1,089 10,587 1,391 20
-0,639 10,565 1,783 20
0,325 10,223 1,611 20
-0,081 10,173 1,036 20
-0,49 9,84 1,029 20
-0,804 9,66 1,218 20
-0,996 9,924 1,599 20
-0,227 9,325 1,613 20
-0,634 9,608 1,901 20
-0,708 9,684 1,774 20
-0,464 9,885 1,769 20
-0,165 9,754 1,86 20
-0,155 9,725 1,86 20
-0,222 9,514 2,02 20
-0,241 9,629 2,054 20
-0,33 9,809 2,197 21
-0,102 9,83 2,142 20
-0,435 9,873 1,867 20
-0,201 9,696 1,755 20
0,023 9,636 2,001 20
-0,21 9,818 1,927 20
-0,138 9,749 1,977 20
0,055 9,641 1,845 20
0,102 9,581 1,783 20
0,035 9,562 1,831 20
0,131 9,531 1,951 20
0,292 9,225 1,913 20
-0,155 9,454 2,006 20
-0,227 9,68 1,625 20
-0,239 9,83 1,673 20
-0,043 9,804 1,764 20
0,208 9,687 1,793 20
-0,009 9,763 1,69 20
-0,282 9,818 1,642 20
-0,387 9,881 1,529 20
-0,359 9,804 1,592 20
-0,136 9,747 1,592 20
-0,083 9,634 1,458 20
-0,466 9,687 1,678 20
-0,457 9,799 1,309 20
-0,32 9,943 1,561 20
0,004 10,041 1,685 20
0,284 9,902 1,235 20